(kicad_pcb (version 20171130) (host pcbnew 5.1.8+dfsg1-1)

  (general
    (thickness 1.6)
    (drawings 472)
    (tracks 2791)
    (zones 0)
    (modules 546)
    (nets 237)
  )

  (page A4)
  (layers
    (0 F.Cu mixed)
    (1 In1.Cu signal hide)
    (2 In2.Cu signal hide)
    (31 B.Cu power hide)
    (32 B.Adhes user)
    (33 F.Adhes user)
    (34 B.Paste user)
    (35 F.Paste user)
    (36 B.SilkS user)
    (37 F.SilkS user)
    (38 B.Mask user)
    (39 F.Mask user)
    (40 Dwgs.User user)
    (41 Cmts.User user)
    (42 Eco1.User user)
    (43 Eco2.User user)
    (44 Edge.Cuts user)
    (45 Margin user)
    (46 B.CrtYd user)
    (47 F.CrtYd user)
    (48 B.Fab user)
    (49 F.Fab user)
  )

  (setup
    (last_trace_width 0.25)
    (user_trace_width 0.3)
    (user_trace_width 0.35)
    (user_trace_width 0.4)
    (user_trace_width 0.45)
    (user_trace_width 0.5)
    (user_trace_width 0.6)
    (user_trace_width 0.65)
    (user_trace_width 0.7)
    (user_trace_width 0.8)
    (user_trace_width 1)
    (user_trace_width 2)
    (trace_clearance 0.2)
    (zone_clearance 0.2)
    (zone_45_only no)
    (trace_min 0.2)
    (via_size 0.8)
    (via_drill 0.4)
    (via_min_size 0.4)
    (via_min_drill 0.3)
    (user_via 0.6 0.3)
    (uvia_size 0.5)
    (uvia_drill 0.2)
    (uvias_allowed no)
    (uvia_min_size 0.5)
    (uvia_min_drill 0.2)
    (edge_width 0.05)
    (segment_width 0.2)
    (pcb_text_width 0.3)
    (pcb_text_size 1.5 1.5)
    (mod_edge_width 0.12)
    (mod_text_size 1 1)
    (mod_text_width 0.15)
    (pad_size 0.5 0.5)
    (pad_drill 0.2)
    (pad_to_mask_clearance 0)
    (aux_axis_origin 0 0)
    (visible_elements FEFFBEFF)
    (pcbplotparams
      (layerselection 0x010fc_ffffffff)
      (usegerberextensions false)
      (usegerberattributes false)
      (usegerberadvancedattributes false)
      (creategerberjobfile false)
      (excludeedgelayer true)
      (linewidth 0.100000)
      (plotframeref false)
      (viasonmask true)
      (mode 1)
      (useauxorigin false)
      (hpglpennumber 1)
      (hpglpenspeed 20)
      (hpglpendiameter 15.000000)
      (psnegative false)
      (psa4output false)
      (plotreference true)
      (plotvalue false)
      (plotinvisibletext false)
      (padsonsilk true)
      (subtractmaskfromsilk false)
      (outputformat 4)
      (mirror false)
      (drillshape 0)
      (scaleselection 1)
      (outputdirectory ""))
  )

  (net 0 "")
  (net 1 GND)
  (net 2 VBUS)
  (net 3 +3V3)
  (net 4 "Net-(C5-Pad2)")
  (net 5 "Net-(C6-Pad2)")
  (net 6 "Net-(C7-Pad2)")
  (net 7 "Net-(C8-Pad2)")
  (net 8 "Net-(C9-Pad1)")
  (net 9 "Net-(C10-Pad1)")
  (net 10 ES0)
  (net 11 ES1)
  (net 12 ES2)
  (net 13 ES3)
  (net 14 ES4)
  (net 15 ES5)
  (net 16 ADC0)
  (net 17 ADC1)
  (net 18 "Net-(C27-Pad1)")
  (net 19 "Net-(C27-Pad2)")
  (net 20 V_TMC)
  (net 21 "Net-(C31-Pad2)")
  (net 22 "Net-(C32-Pad1)")
  (net 23 "Net-(C33-Pad2)")
  (net 24 "Net-(C34-Pad1)")
  (net 25 "Net-(C35-Pad2)")
  (net 26 "Net-(C36-Pad1)")
  (net 27 "Net-(C37-Pad2)")
  (net 28 "Net-(C38-Pad2)")
  (net 29 "Net-(C39-Pad2)")
  (net 30 "Net-(C49-Pad1)")
  (net 31 "Net-(C49-Pad2)")
  (net 32 "Net-(C50-Pad2)")
  (net 33 "Net-(C50-Pad1)")
  (net 34 "Net-(C51-Pad1)")
  (net 35 "Net-(C51-Pad2)")
  (net 36 "Net-(C52-Pad1)")
  (net 37 "Net-(C52-Pad2)")
  (net 38 "Net-(C53-Pad2)")
  (net 39 "Net-(C54-Pad2)")
  (net 40 "Net-(C55-Pad2)")
  (net 41 "Net-(C56-Pad2)")
  (net 42 "Net-(C57-Pad1)")
  (net 43 "Net-(C58-Pad2)")
  (net 44 "Net-(C59-Pad1)")
  (net 45 "Net-(C60-Pad2)")
  (net 46 "Net-(C61-Pad1)")
  (net 47 "Net-(C62-Pad2)")
  (net 48 "Net-(C63-Pad1)")
  (net 49 "Net-(C64-Pad2)")
  (net 50 "Net-(C65-Pad1)")
  (net 51 "Net-(C66-Pad2)")
  (net 52 "Net-(C67-Pad1)")
  (net 53 "Net-(C68-Pad1)")
  (net 54 "Net-(C68-Pad2)")
  (net 55 "Net-(C72-Pad2)")
  (net 56 "Net-(C73-Pad1)")
  (net 57 "Net-(C74-Pad2)")
  (net 58 "Net-(C75-Pad1)")
  (net 59 "Net-(C76-Pad2)")
  (net 60 "Net-(C77-Pad1)")
  (net 61 "Net-(C78-Pad2)")
  (net 62 "Net-(C79-Pad2)")
  (net 63 "Net-(C80-Pad2)")
  (net 64 "Net-(C90-Pad2)")
  (net 65 "Net-(C90-Pad1)")
  (net 66 "Net-(C91-Pad2)")
  (net 67 "Net-(C91-Pad1)")
  (net 68 "Net-(C92-Pad2)")
  (net 69 "Net-(C92-Pad1)")
  (net 70 "Net-(C93-Pad2)")
  (net 71 "Net-(C94-Pad2)")
  (net 72 "Net-(C95-Pad2)")
  (net 73 "Net-(C96-Pad2)")
  (net 74 "Net-(C97-Pad1)")
  (net 75 "Net-(C98-Pad2)")
  (net 76 "Net-(C99-Pad1)")
  (net 77 "Net-(C100-Pad2)")
  (net 78 "Net-(C101-Pad1)")
  (net 79 "Net-(C102-Pad2)")
  (net 80 "Net-(C103-Pad1)")
  (net 81 "Net-(C104-Pad2)")
  (net 82 "Net-(C105-Pad1)")
  (net 83 "Net-(C106-Pad2)")
  (net 84 "Net-(C107-Pad1)")
  (net 85 "Net-(D1-Pad2)")
  (net 86 PA13)
  (net 87 "Net-(D3-Pad2)")
  (net 88 "Net-(D9-Pad2)")
  (net 89 "Net-(D10-Pad1)")
  (net 90 "Net-(D10-Pad2)")
  (net 91 "Net-(D11-Pad2)")
  (net 92 "Net-(D11-Pad1)")
  (net 93 "Net-(D12-Pad1)")
  (net 94 "Net-(D12-Pad2)")
  (net 95 "Net-(J1-PadB5)")
  (net 96 USB_DP)
  (net 97 USB_DN)
  (net 98 "Net-(J1-PadA5)")
  (net 99 PA14)
  (net 100 "Net-(J17-Pad1)")
  (net 101 "Net-(J18-Pad1)")
  (net 102 "Net-(J19-Pad1)")
  (net 103 "Net-(J20-Pad1)")
  (net 104 "Net-(J21-Pad1)")
  (net 105 "Net-(J22-Pad1)")
  (net 106 V_SERVO)
  (net 107 "Net-(J25-Pad1)")
  (net 108 "Net-(J26-Pad1)")
  (net 109 "Net-(Q2-Pad1)")
  (net 110 "Net-(Q3-Pad1)")
  (net 111 "Net-(Q4-Pad1)")
  (net 112 PA9)
  (net 113 PA10)
  (net 114 "Net-(R17-Pad1)")
  (net 115 PB6)
  (net 116 PB7)
  (net 117 "Net-(D2-Pad2)")
  (net 118 "Net-(J1-PadB8)")
  (net 119 "Net-(J1-PadA8)")
  (net 120 PC13)
  (net 121 PC0)
  (net 122 PC1)
  (net 123 PC2)
  (net 124 PA0)
  (net 125 PA1)
  (net 126 PA2)
  (net 127 PA3)
  (net 128 PA4)
  (net 129 PA6)
  (net 130 PA7)
  (net 131 PC4)
  (net 132 PC5)
  (net 133 PB0)
  (net 134 PB1)
  (net 135 PB10)
  (net 136 PB13)
  (net 137 PB14)
  (net 138 PB15)
  (net 139 PC7)
  (net 140 PC8)
  (net 141 PC9)
  (net 142 PA15)
  (net 143 PC10)
  (net 144 PC11)
  (net 145 PD2)
  (net 146 PB3)
  (net 147 PB4)
  (net 148 PB5)
  (net 149 PB8)
  (net 150 PB9)
  (net 151 "Net-(U5-Pad25)")
  (net 152 "Net-(U5-Pad20)")
  (net 153 "Net-(U5-Pad17)")
  (net 154 "Net-(U5-Pad12)")
  (net 155 "Net-(U5-Pad11)")
  (net 156 "Net-(U5-Pad10)")
  (net 157 "Net-(U5-Pad9)")
  (net 158 "Net-(U5-Pad7)")
  (net 159 "Net-(U6-Pad7)")
  (net 160 "Net-(U6-Pad9)")
  (net 161 "Net-(U6-Pad10)")
  (net 162 "Net-(U6-Pad11)")
  (net 163 "Net-(U6-Pad12)")
  (net 164 "Net-(U6-Pad17)")
  (net 165 "Net-(U6-Pad20)")
  (net 166 "Net-(U6-Pad25)")
  (net 167 "Net-(U7-Pad7)")
  (net 168 "Net-(U7-Pad9)")
  (net 169 "Net-(U7-Pad10)")
  (net 170 "Net-(U7-Pad11)")
  (net 171 "Net-(U7-Pad12)")
  (net 172 "Net-(U7-Pad17)")
  (net 173 "Net-(U7-Pad20)")
  (net 174 "Net-(U7-Pad25)")
  (net 175 "Net-(U10-Pad25)")
  (net 176 "Net-(U10-Pad20)")
  (net 177 "Net-(U10-Pad17)")
  (net 178 "Net-(U10-Pad12)")
  (net 179 "Net-(U10-Pad11)")
  (net 180 "Net-(U10-Pad10)")
  (net 181 "Net-(U10-Pad9)")
  (net 182 "Net-(U10-Pad7)")
  (net 183 "Net-(U11-Pad25)")
  (net 184 "Net-(U11-Pad20)")
  (net 185 "Net-(U11-Pad17)")
  (net 186 "Net-(U11-Pad12)")
  (net 187 "Net-(U11-Pad11)")
  (net 188 "Net-(U11-Pad10)")
  (net 189 "Net-(U11-Pad9)")
  (net 190 "Net-(U11-Pad7)")
  (net 191 "Net-(U12-Pad7)")
  (net 192 "Net-(U12-Pad9)")
  (net 193 "Net-(U12-Pad10)")
  (net 194 "Net-(U12-Pad11)")
  (net 195 "Net-(U12-Pad12)")
  (net 196 "Net-(U12-Pad17)")
  (net 197 "Net-(U12-Pad20)")
  (net 198 "Net-(U12-Pad25)")
  (net 199 "Net-(D4-Pad2)")
  (net 200 "Net-(D5-Pad2)")
  (net 201 "Net-(D6-Pad2)")
  (net 202 "Net-(J8-Pad1)")
  (net 203 "Net-(J12-Pad1)")
  (net 204 "Net-(D2-Pad1)")
  (net 205 "Net-(C2-Pad1)")
  (net 206 "Net-(C2-Pad2)")
  (net 207 "Net-(C4-Pad2)")
  (net 208 "Net-(C4-Pad1)")
  (net 209 "Net-(C120-Pad1)")
  (net 210 "Net-(C120-Pad2)")
  (net 211 PWM0_E3)
  (net 212 PWM1_E3)
  (net 213 PWM2_E3)
  (net 214 PWM3_E3)
  (net 215 "Net-(Q1-Pad1)")
  (net 216 "Net-(Q5-Pad1)")
  (net 217 ADCGND_E3)
  (net 218 "Net-(P9-Pad3)")
  (net 219 "Net-(P9-Pad2)")
  (net 220 "Net-(J2-Pad7)")
  (net 221 "Net-(J2-Pad6)")
  (net 222 "Net-(J2-Pad5)")
  (net 223 "Net-(J2-Pad4)")
  (net 224 "Net-(J2-Pad3)")
  (net 225 "Net-(J2-Pad2)")
  (net 226 "Net-(J3-Pad2)")
  (net 227 "Net-(J3-Pad3)")
  (net 228 "Net-(J3-Pad4)")
  (net 229 "Net-(J3-Pad5)")
  (net 230 "Net-(J3-Pad6)")
  (net 231 "Net-(J3-Pad7)")
  (net 232 V_PWM_EB)
  (net 233 GND_EB)
  (net 234 GND_EB_ADC)
  (net 235 3V3_EB)
  (net 236 "Net-(J5-Pad1)")

  (net_class Default "This is the default net class."
    (clearance 0.2)
    (trace_width 0.25)
    (via_dia 0.8)
    (via_drill 0.4)
    (uvia_dia 0.5)
    (uvia_drill 0.2)
    (add_net +3V3)
    (add_net 3V3_EB)
    (add_net ADC0)
    (add_net ADC1)
    (add_net ADCGND_E3)
    (add_net ES0)
    (add_net ES1)
    (add_net ES2)
    (add_net ES3)
    (add_net ES4)
    (add_net ES5)
    (add_net GND)
    (add_net GND_EB)
    (add_net GND_EB_ADC)
    (add_net "Net-(C10-Pad1)")
    (add_net "Net-(C100-Pad2)")
    (add_net "Net-(C101-Pad1)")
    (add_net "Net-(C102-Pad2)")
    (add_net "Net-(C103-Pad1)")
    (add_net "Net-(C104-Pad2)")
    (add_net "Net-(C105-Pad1)")
    (add_net "Net-(C106-Pad2)")
    (add_net "Net-(C107-Pad1)")
    (add_net "Net-(C120-Pad1)")
    (add_net "Net-(C120-Pad2)")
    (add_net "Net-(C2-Pad1)")
    (add_net "Net-(C2-Pad2)")
    (add_net "Net-(C27-Pad1)")
    (add_net "Net-(C27-Pad2)")
    (add_net "Net-(C31-Pad2)")
    (add_net "Net-(C32-Pad1)")
    (add_net "Net-(C33-Pad2)")
    (add_net "Net-(C34-Pad1)")
    (add_net "Net-(C35-Pad2)")
    (add_net "Net-(C36-Pad1)")
    (add_net "Net-(C37-Pad2)")
    (add_net "Net-(C38-Pad2)")
    (add_net "Net-(C39-Pad2)")
    (add_net "Net-(C4-Pad1)")
    (add_net "Net-(C4-Pad2)")
    (add_net "Net-(C49-Pad1)")
    (add_net "Net-(C49-Pad2)")
    (add_net "Net-(C5-Pad2)")
    (add_net "Net-(C50-Pad1)")
    (add_net "Net-(C50-Pad2)")
    (add_net "Net-(C51-Pad1)")
    (add_net "Net-(C51-Pad2)")
    (add_net "Net-(C52-Pad1)")
    (add_net "Net-(C52-Pad2)")
    (add_net "Net-(C53-Pad2)")
    (add_net "Net-(C54-Pad2)")
    (add_net "Net-(C55-Pad2)")
    (add_net "Net-(C56-Pad2)")
    (add_net "Net-(C57-Pad1)")
    (add_net "Net-(C58-Pad2)")
    (add_net "Net-(C59-Pad1)")
    (add_net "Net-(C6-Pad2)")
    (add_net "Net-(C60-Pad2)")
    (add_net "Net-(C61-Pad1)")
    (add_net "Net-(C62-Pad2)")
    (add_net "Net-(C63-Pad1)")
    (add_net "Net-(C64-Pad2)")
    (add_net "Net-(C65-Pad1)")
    (add_net "Net-(C66-Pad2)")
    (add_net "Net-(C67-Pad1)")
    (add_net "Net-(C68-Pad1)")
    (add_net "Net-(C68-Pad2)")
    (add_net "Net-(C7-Pad2)")
    (add_net "Net-(C72-Pad2)")
    (add_net "Net-(C73-Pad1)")
    (add_net "Net-(C74-Pad2)")
    (add_net "Net-(C75-Pad1)")
    (add_net "Net-(C76-Pad2)")
    (add_net "Net-(C77-Pad1)")
    (add_net "Net-(C78-Pad2)")
    (add_net "Net-(C79-Pad2)")
    (add_net "Net-(C8-Pad2)")
    (add_net "Net-(C80-Pad2)")
    (add_net "Net-(C9-Pad1)")
    (add_net "Net-(C90-Pad1)")
    (add_net "Net-(C90-Pad2)")
    (add_net "Net-(C91-Pad1)")
    (add_net "Net-(C91-Pad2)")
    (add_net "Net-(C92-Pad1)")
    (add_net "Net-(C92-Pad2)")
    (add_net "Net-(C93-Pad2)")
    (add_net "Net-(C94-Pad2)")
    (add_net "Net-(C95-Pad2)")
    (add_net "Net-(C96-Pad2)")
    (add_net "Net-(C97-Pad1)")
    (add_net "Net-(C98-Pad2)")
    (add_net "Net-(C99-Pad1)")
    (add_net "Net-(D1-Pad2)")
    (add_net "Net-(D10-Pad1)")
    (add_net "Net-(D10-Pad2)")
    (add_net "Net-(D11-Pad1)")
    (add_net "Net-(D11-Pad2)")
    (add_net "Net-(D12-Pad1)")
    (add_net "Net-(D12-Pad2)")
    (add_net "Net-(D2-Pad1)")
    (add_net "Net-(D2-Pad2)")
    (add_net "Net-(D3-Pad2)")
    (add_net "Net-(D4-Pad2)")
    (add_net "Net-(D5-Pad2)")
    (add_net "Net-(D6-Pad2)")
    (add_net "Net-(D9-Pad2)")
    (add_net "Net-(J1-PadA5)")
    (add_net "Net-(J1-PadA8)")
    (add_net "Net-(J1-PadB5)")
    (add_net "Net-(J1-PadB8)")
    (add_net "Net-(J12-Pad1)")
    (add_net "Net-(J17-Pad1)")
    (add_net "Net-(J18-Pad1)")
    (add_net "Net-(J19-Pad1)")
    (add_net "Net-(J2-Pad2)")
    (add_net "Net-(J2-Pad3)")
    (add_net "Net-(J2-Pad4)")
    (add_net "Net-(J2-Pad5)")
    (add_net "Net-(J2-Pad6)")
    (add_net "Net-(J2-Pad7)")
    (add_net "Net-(J20-Pad1)")
    (add_net "Net-(J21-Pad1)")
    (add_net "Net-(J22-Pad1)")
    (add_net "Net-(J25-Pad1)")
    (add_net "Net-(J26-Pad1)")
    (add_net "Net-(J3-Pad2)")
    (add_net "Net-(J3-Pad3)")
    (add_net "Net-(J3-Pad4)")
    (add_net "Net-(J3-Pad5)")
    (add_net "Net-(J3-Pad6)")
    (add_net "Net-(J3-Pad7)")
    (add_net "Net-(J5-Pad1)")
    (add_net "Net-(J8-Pad1)")
    (add_net "Net-(P9-Pad2)")
    (add_net "Net-(P9-Pad3)")
    (add_net "Net-(Q1-Pad1)")
    (add_net "Net-(Q2-Pad1)")
    (add_net "Net-(Q3-Pad1)")
    (add_net "Net-(Q4-Pad1)")
    (add_net "Net-(Q5-Pad1)")
    (add_net "Net-(R17-Pad1)")
    (add_net "Net-(U10-Pad10)")
    (add_net "Net-(U10-Pad11)")
    (add_net "Net-(U10-Pad12)")
    (add_net "Net-(U10-Pad17)")
    (add_net "Net-(U10-Pad20)")
    (add_net "Net-(U10-Pad25)")
    (add_net "Net-(U10-Pad7)")
    (add_net "Net-(U10-Pad9)")
    (add_net "Net-(U11-Pad10)")
    (add_net "Net-(U11-Pad11)")
    (add_net "Net-(U11-Pad12)")
    (add_net "Net-(U11-Pad17)")
    (add_net "Net-(U11-Pad20)")
    (add_net "Net-(U11-Pad25)")
    (add_net "Net-(U11-Pad7)")
    (add_net "Net-(U11-Pad9)")
    (add_net "Net-(U12-Pad10)")
    (add_net "Net-(U12-Pad11)")
    (add_net "Net-(U12-Pad12)")
    (add_net "Net-(U12-Pad17)")
    (add_net "Net-(U12-Pad20)")
    (add_net "Net-(U12-Pad25)")
    (add_net "Net-(U12-Pad7)")
    (add_net "Net-(U12-Pad9)")
    (add_net "Net-(U5-Pad10)")
    (add_net "Net-(U5-Pad11)")
    (add_net "Net-(U5-Pad12)")
    (add_net "Net-(U5-Pad17)")
    (add_net "Net-(U5-Pad20)")
    (add_net "Net-(U5-Pad25)")
    (add_net "Net-(U5-Pad7)")
    (add_net "Net-(U5-Pad9)")
    (add_net "Net-(U6-Pad10)")
    (add_net "Net-(U6-Pad11)")
    (add_net "Net-(U6-Pad12)")
    (add_net "Net-(U6-Pad17)")
    (add_net "Net-(U6-Pad20)")
    (add_net "Net-(U6-Pad25)")
    (add_net "Net-(U6-Pad7)")
    (add_net "Net-(U6-Pad9)")
    (add_net "Net-(U7-Pad10)")
    (add_net "Net-(U7-Pad11)")
    (add_net "Net-(U7-Pad12)")
    (add_net "Net-(U7-Pad17)")
    (add_net "Net-(U7-Pad20)")
    (add_net "Net-(U7-Pad25)")
    (add_net "Net-(U7-Pad7)")
    (add_net "Net-(U7-Pad9)")
    (add_net PA0)
    (add_net PA1)
    (add_net PA10)
    (add_net PA13)
    (add_net PA14)
    (add_net PA15)
    (add_net PA2)
    (add_net PA3)
    (add_net PA4)
    (add_net PA6)
    (add_net PA7)
    (add_net PA9)
    (add_net PB0)
    (add_net PB1)
    (add_net PB10)
    (add_net PB13)
    (add_net PB14)
    (add_net PB15)
    (add_net PB3)
    (add_net PB4)
    (add_net PB5)
    (add_net PB6)
    (add_net PB7)
    (add_net PB8)
    (add_net PB9)
    (add_net PC0)
    (add_net PC1)
    (add_net PC10)
    (add_net PC11)
    (add_net PC13)
    (add_net PC2)
    (add_net PC4)
    (add_net PC5)
    (add_net PC7)
    (add_net PC8)
    (add_net PC9)
    (add_net PD2)
    (add_net PWM0_E3)
    (add_net PWM1_E3)
    (add_net PWM2_E3)
    (add_net PWM3_E3)
    (add_net USB_DN)
    (add_net USB_DP)
    (add_net VBUS)
    (add_net V_PWM_EB)
    (add_net V_SERVO)
    (add_net V_TMC)
  )

  (module Resistor_SMD:R_1206_3216Metric (layer F.Cu) (tedit 5F68FEEE) (tstamp 60386A81)
    (at -11.835 160.43)
    (descr "Resistor SMD 1206 (3216 Metric), square (rectangular) end terminal, IPC_7351 nominal, (Body size source: IPC-SM-782 page 72, https://www.pcb-3d.com/wordpress/wp-content/uploads/ipc-sm-782a_amendment_1_and_2.pdf), generated with kicad-footprint-generator")
    (tags resistor)
    (attr smd)
    (fp_text reference REF** (at 0 -1.82) (layer F.SilkS)
      (effects (font (size 1 1) (thickness 0.15)))
    )
    (fp_text value R_1206_3216Metric (at 0 1.82) (layer F.Fab)
      (effects (font (size 1 1) (thickness 0.15)))
    )
    (fp_line (start 2.28 1.12) (end -2.28 1.12) (layer F.CrtYd) (width 0.05))
    (fp_line (start 2.28 -1.12) (end 2.28 1.12) (layer F.CrtYd) (width 0.05))
    (fp_line (start -2.28 -1.12) (end 2.28 -1.12) (layer F.CrtYd) (width 0.05))
    (fp_line (start -2.28 1.12) (end -2.28 -1.12) (layer F.CrtYd) (width 0.05))
    (fp_line (start -0.727064 0.91) (end 0.727064 0.91) (layer F.SilkS) (width 0.12))
    (fp_line (start -0.727064 -0.91) (end 0.727064 -0.91) (layer F.SilkS) (width 0.12))
    (fp_line (start 1.6 0.8) (end -1.6 0.8) (layer F.Fab) (width 0.1))
    (fp_line (start 1.6 -0.8) (end 1.6 0.8) (layer F.Fab) (width 0.1))
    (fp_line (start -1.6 -0.8) (end 1.6 -0.8) (layer F.Fab) (width 0.1))
    (fp_line (start -1.6 0.8) (end -1.6 -0.8) (layer F.Fab) (width 0.1))
    (fp_text user %R (at 0 0) (layer F.Fab)
      (effects (font (size 0.8 0.8) (thickness 0.12)))
    )
    (pad 1 smd roundrect (at -1.4625 0) (size 1.125 1.75) (layers F.Cu F.Paste F.Mask) (roundrect_rratio 0.2222213333333333))
    (pad 2 smd roundrect (at 1.4625 0) (size 1.125 1.75) (layers F.Cu F.Paste F.Mask) (roundrect_rratio 0.2222213333333333))
    (model ${KISYS3DMOD}/Resistor_SMD.3dshapes/R_1206_3216Metric.wrl
      (at (xyz 0 0 0))
      (scale (xyz 1 1 1))
      (rotate (xyz 0 0 0))
    )
  )

  (module Resistor_SMD:R_1206_3216Metric (layer F.Cu) (tedit 5F68FEEE) (tstamp 60386A7F)
    (at -16.445 160.43)
    (descr "Resistor SMD 1206 (3216 Metric), square (rectangular) end terminal, IPC_7351 nominal, (Body size source: IPC-SM-782 page 72, https://www.pcb-3d.com/wordpress/wp-content/uploads/ipc-sm-782a_amendment_1_and_2.pdf), generated with kicad-footprint-generator")
    (tags resistor)
    (attr smd)
    (fp_text reference REF** (at 0 -1.82) (layer F.SilkS)
      (effects (font (size 1 1) (thickness 0.15)))
    )
    (fp_text value R_1206_3216Metric (at 0 1.82) (layer F.Fab)
      (effects (font (size 1 1) (thickness 0.15)))
    )
    (fp_text user %R (at 0 0) (layer F.Fab)
      (effects (font (size 0.8 0.8) (thickness 0.12)))
    )
    (fp_line (start -1.6 0.8) (end -1.6 -0.8) (layer F.Fab) (width 0.1))
    (fp_line (start -1.6 -0.8) (end 1.6 -0.8) (layer F.Fab) (width 0.1))
    (fp_line (start 1.6 -0.8) (end 1.6 0.8) (layer F.Fab) (width 0.1))
    (fp_line (start 1.6 0.8) (end -1.6 0.8) (layer F.Fab) (width 0.1))
    (fp_line (start -0.727064 -0.91) (end 0.727064 -0.91) (layer F.SilkS) (width 0.12))
    (fp_line (start -0.727064 0.91) (end 0.727064 0.91) (layer F.SilkS) (width 0.12))
    (fp_line (start -2.28 1.12) (end -2.28 -1.12) (layer F.CrtYd) (width 0.05))
    (fp_line (start -2.28 -1.12) (end 2.28 -1.12) (layer F.CrtYd) (width 0.05))
    (fp_line (start 2.28 -1.12) (end 2.28 1.12) (layer F.CrtYd) (width 0.05))
    (fp_line (start 2.28 1.12) (end -2.28 1.12) (layer F.CrtYd) (width 0.05))
    (pad 2 smd roundrect (at 1.4625 0) (size 1.125 1.75) (layers F.Cu F.Paste F.Mask) (roundrect_rratio 0.2222213333333333))
    (pad 1 smd roundrect (at -1.4625 0) (size 1.125 1.75) (layers F.Cu F.Paste F.Mask) (roundrect_rratio 0.2222213333333333))
    (model ${KISYS3DMOD}/Resistor_SMD.3dshapes/R_1206_3216Metric.wrl
      (at (xyz 0 0 0))
      (scale (xyz 1 1 1))
      (rotate (xyz 0 0 0))
    )
  )

  (module Diode_SMD:D_2512_6332Metric (layer F.Cu) (tedit 5F68FEF0) (tstamp 60382D08)
    (at 37.42 173.83)
    (descr "Diode SMD 2512 (6332 Metric), square (rectangular) end terminal, IPC_7351 nominal, (Body size source: http://www.tortai-tech.com/upload/download/2011102023233369053.pdf), generated with kicad-footprint-generator")
    (tags diode)
    (attr smd)
    (fp_text reference REF** (at 0 -2.62) (layer F.SilkS)
      (effects (font (size 1 1) (thickness 0.15)))
    )
    (fp_text value D_2512_6332Metric (at 0 2.62) (layer F.Fab)
      (effects (font (size 1 1) (thickness 0.15)))
    )
    (fp_text user %R (at 0 0) (layer F.Fab)
      (effects (font (size 1 1) (thickness 0.15)))
    )
    (fp_line (start 3.15 -1.6) (end -2.35 -1.6) (layer F.Fab) (width 0.1))
    (fp_line (start -2.35 -1.6) (end -3.15 -0.8) (layer F.Fab) (width 0.1))
    (fp_line (start -3.15 -0.8) (end -3.15 1.6) (layer F.Fab) (width 0.1))
    (fp_line (start -3.15 1.6) (end 3.15 1.6) (layer F.Fab) (width 0.1))
    (fp_line (start 3.15 1.6) (end 3.15 -1.6) (layer F.Fab) (width 0.1))
    (fp_line (start 3.15 -1.935) (end -3.835 -1.935) (layer F.SilkS) (width 0.12))
    (fp_line (start -3.835 -1.935) (end -3.835 1.935) (layer F.SilkS) (width 0.12))
    (fp_line (start -3.835 1.935) (end 3.15 1.935) (layer F.SilkS) (width 0.12))
    (fp_line (start -3.82 1.92) (end -3.82 -1.92) (layer F.CrtYd) (width 0.05))
    (fp_line (start -3.82 -1.92) (end 3.82 -1.92) (layer F.CrtYd) (width 0.05))
    (fp_line (start 3.82 -1.92) (end 3.82 1.92) (layer F.CrtYd) (width 0.05))
    (fp_line (start 3.82 1.92) (end -3.82 1.92) (layer F.CrtYd) (width 0.05))
    (pad 2 smd roundrect (at 2.9 0) (size 1.35 3.35) (layers F.Cu F.Paste F.Mask) (roundrect_rratio 0.1851844444444445))
    (pad 1 smd roundrect (at -2.9 0) (size 1.35 3.35) (layers F.Cu F.Paste F.Mask) (roundrect_rratio 0.1851844444444445))
    (model ${KISYS3DMOD}/Diode_SMD.3dshapes/D_2512_6332Metric.wrl
      (at (xyz 0 0 0))
      (scale (xyz 1 1 1))
      (rotate (xyz 0 0 0))
    )
  )

  (module Resistor_SMD:R_0402_1005Metric (layer F.Cu) (tedit 5F68FEEE) (tstamp 60379E70)
    (at 24.2 142.02 270)
    (descr "Resistor SMD 0402 (1005 Metric), square (rectangular) end terminal, IPC_7351 nominal, (Body size source: IPC-SM-782 page 72, https://www.pcb-3d.com/wordpress/wp-content/uploads/ipc-sm-782a_amendment_1_and_2.pdf), generated with kicad-footprint-generator")
    (tags resistor)
    (path /62FFF9EE)
    (attr smd)
    (fp_text reference R54 (at 0 -1.17 90) (layer F.SilkS) hide
      (effects (font (size 1 1) (thickness 0.15)))
    )
    (fp_text value 1R (at 0 1.17 90) (layer F.Fab)
      (effects (font (size 1 1) (thickness 0.15)))
    )
    (fp_text user %R (at 0 0 90) (layer F.Fab)
      (effects (font (size 0.26 0.26) (thickness 0.04)))
    )
    (fp_line (start 0.93 0.47) (end -0.93 0.47) (layer F.CrtYd) (width 0.05))
    (fp_line (start 0.93 -0.47) (end 0.93 0.47) (layer F.CrtYd) (width 0.05))
    (fp_line (start -0.93 -0.47) (end 0.93 -0.47) (layer F.CrtYd) (width 0.05))
    (fp_line (start -0.93 0.47) (end -0.93 -0.47) (layer F.CrtYd) (width 0.05))
    (fp_line (start -0.153641 0.38) (end 0.153641 0.38) (layer F.SilkS) (width 0.12))
    (fp_line (start -0.153641 -0.38) (end 0.153641 -0.38) (layer F.SilkS) (width 0.12))
    (fp_line (start 0.525 0.27) (end -0.525 0.27) (layer F.Fab) (width 0.1))
    (fp_line (start 0.525 -0.27) (end 0.525 0.27) (layer F.Fab) (width 0.1))
    (fp_line (start -0.525 -0.27) (end 0.525 -0.27) (layer F.Fab) (width 0.1))
    (fp_line (start -0.525 0.27) (end -0.525 -0.27) (layer F.Fab) (width 0.1))
    (pad 2 smd roundrect (at 0.51 0 270) (size 0.54 0.64) (layers F.Cu F.Paste F.Mask) (roundrect_rratio 0.25))
    (pad 1 smd roundrect (at -0.51 0 270) (size 0.54 0.64) (layers F.Cu F.Paste F.Mask) (roundrect_rratio 0.25))
    (model ${KISYS3DMOD}/Resistor_SMD.3dshapes/R_0402_1005Metric.wrl
      (at (xyz 0 0 0))
      (scale (xyz 1 1 1))
      (rotate (xyz 0 0 0))
    )
  )

  (module Resistor_SMD:R_0402_1005Metric (layer F.Cu) (tedit 5F68FEEE) (tstamp 60379E60)
    (at 19.28 141.955 270)
    (descr "Resistor SMD 0402 (1005 Metric), square (rectangular) end terminal, IPC_7351 nominal, (Body size source: IPC-SM-782 page 72, https://www.pcb-3d.com/wordpress/wp-content/uploads/ipc-sm-782a_amendment_1_and_2.pdf), generated with kicad-footprint-generator")
    (tags resistor)
    (path /62FFF9E8)
    (attr smd)
    (fp_text reference R53 (at 0 -1.17 90) (layer F.SilkS) hide
      (effects (font (size 1 1) (thickness 0.15)))
    )
    (fp_text value 1R (at 0 1.17 90) (layer F.Fab)
      (effects (font (size 1 1) (thickness 0.15)))
    )
    (fp_line (start 0.93 0.47) (end -0.93 0.47) (layer F.CrtYd) (width 0.05))
    (fp_line (start 0.93 -0.47) (end 0.93 0.47) (layer F.CrtYd) (width 0.05))
    (fp_line (start -0.93 -0.47) (end 0.93 -0.47) (layer F.CrtYd) (width 0.05))
    (fp_line (start -0.93 0.47) (end -0.93 -0.47) (layer F.CrtYd) (width 0.05))
    (fp_line (start -0.153641 0.38) (end 0.153641 0.38) (layer F.SilkS) (width 0.12))
    (fp_line (start -0.153641 -0.38) (end 0.153641 -0.38) (layer F.SilkS) (width 0.12))
    (fp_line (start 0.525 0.27) (end -0.525 0.27) (layer F.Fab) (width 0.1))
    (fp_line (start 0.525 -0.27) (end 0.525 0.27) (layer F.Fab) (width 0.1))
    (fp_line (start -0.525 -0.27) (end 0.525 -0.27) (layer F.Fab) (width 0.1))
    (fp_line (start -0.525 0.27) (end -0.525 -0.27) (layer F.Fab) (width 0.1))
    (fp_text user %R (at 0 0 90) (layer F.Fab)
      (effects (font (size 0.26 0.26) (thickness 0.04)))
    )
    (pad 2 smd roundrect (at 0.51 0 270) (size 0.54 0.64) (layers F.Cu F.Paste F.Mask) (roundrect_rratio 0.25))
    (pad 1 smd roundrect (at -0.51 0 270) (size 0.54 0.64) (layers F.Cu F.Paste F.Mask) (roundrect_rratio 0.25))
    (model ${KISYS3DMOD}/Resistor_SMD.3dshapes/R_0402_1005Metric.wrl
      (at (xyz 0 0 0))
      (scale (xyz 1 1 1))
      (rotate (xyz 0 0 0))
    )
  )

  (module Resistor_SMD:R_0402_1005Metric (layer F.Cu) (tedit 5F68FEEE) (tstamp 60379E50)
    (at 20.27 141.955 270)
    (descr "Resistor SMD 0402 (1005 Metric), square (rectangular) end terminal, IPC_7351 nominal, (Body size source: IPC-SM-782 page 72, https://www.pcb-3d.com/wordpress/wp-content/uploads/ipc-sm-782a_amendment_1_and_2.pdf), generated with kicad-footprint-generator")
    (tags resistor)
    (path /62FFF9E2)
    (attr smd)
    (fp_text reference R52 (at 0 -1.17 90) (layer F.SilkS) hide
      (effects (font (size 1 1) (thickness 0.15)))
    )
    (fp_text value 1R (at 0 1.17 90) (layer F.Fab)
      (effects (font (size 1 1) (thickness 0.15)))
    )
    (fp_line (start -0.525 0.27) (end -0.525 -0.27) (layer F.Fab) (width 0.1))
    (fp_line (start -0.525 -0.27) (end 0.525 -0.27) (layer F.Fab) (width 0.1))
    (fp_line (start 0.525 -0.27) (end 0.525 0.27) (layer F.Fab) (width 0.1))
    (fp_line (start 0.525 0.27) (end -0.525 0.27) (layer F.Fab) (width 0.1))
    (fp_line (start -0.153641 -0.38) (end 0.153641 -0.38) (layer F.SilkS) (width 0.12))
    (fp_line (start -0.153641 0.38) (end 0.153641 0.38) (layer F.SilkS) (width 0.12))
    (fp_line (start -0.93 0.47) (end -0.93 -0.47) (layer F.CrtYd) (width 0.05))
    (fp_line (start -0.93 -0.47) (end 0.93 -0.47) (layer F.CrtYd) (width 0.05))
    (fp_line (start 0.93 -0.47) (end 0.93 0.47) (layer F.CrtYd) (width 0.05))
    (fp_line (start 0.93 0.47) (end -0.93 0.47) (layer F.CrtYd) (width 0.05))
    (fp_text user %R (at 0 0 90) (layer F.Fab)
      (effects (font (size 0.26 0.26) (thickness 0.04)))
    )
    (pad 1 smd roundrect (at -0.51 0 270) (size 0.54 0.64) (layers F.Cu F.Paste F.Mask) (roundrect_rratio 0.25))
    (pad 2 smd roundrect (at 0.51 0 270) (size 0.54 0.64) (layers F.Cu F.Paste F.Mask) (roundrect_rratio 0.25))
    (model ${KISYS3DMOD}/Resistor_SMD.3dshapes/R_0402_1005Metric.wrl
      (at (xyz 0 0 0))
      (scale (xyz 1 1 1))
      (rotate (xyz 0 0 0))
    )
  )

  (module Resistor_SMD:R_0402_1005Metric (layer F.Cu) (tedit 5F68FEEE) (tstamp 60379E40)
    (at 17.3 141.955 270)
    (descr "Resistor SMD 0402 (1005 Metric), square (rectangular) end terminal, IPC_7351 nominal, (Body size source: IPC-SM-782 page 72, https://www.pcb-3d.com/wordpress/wp-content/uploads/ipc-sm-782a_amendment_1_and_2.pdf), generated with kicad-footprint-generator")
    (tags resistor)
    (path /62FFF9DC)
    (attr smd)
    (fp_text reference R51 (at 0 -1.17 90) (layer F.SilkS) hide
      (effects (font (size 1 1) (thickness 0.15)))
    )
    (fp_text value 1R (at 0 1.17 90) (layer F.Fab)
      (effects (font (size 1 1) (thickness 0.15)))
    )
    (fp_line (start 0.93 0.47) (end -0.93 0.47) (layer F.CrtYd) (width 0.05))
    (fp_line (start 0.93 -0.47) (end 0.93 0.47) (layer F.CrtYd) (width 0.05))
    (fp_line (start -0.93 -0.47) (end 0.93 -0.47) (layer F.CrtYd) (width 0.05))
    (fp_line (start -0.93 0.47) (end -0.93 -0.47) (layer F.CrtYd) (width 0.05))
    (fp_line (start -0.153641 0.38) (end 0.153641 0.38) (layer F.SilkS) (width 0.12))
    (fp_line (start -0.153641 -0.38) (end 0.153641 -0.38) (layer F.SilkS) (width 0.12))
    (fp_line (start 0.525 0.27) (end -0.525 0.27) (layer F.Fab) (width 0.1))
    (fp_line (start 0.525 -0.27) (end 0.525 0.27) (layer F.Fab) (width 0.1))
    (fp_line (start -0.525 -0.27) (end 0.525 -0.27) (layer F.Fab) (width 0.1))
    (fp_line (start -0.525 0.27) (end -0.525 -0.27) (layer F.Fab) (width 0.1))
    (fp_text user %R (at 0 0 90) (layer F.Fab)
      (effects (font (size 0.26 0.26) (thickness 0.04)))
    )
    (pad 2 smd roundrect (at 0.51 0 270) (size 0.54 0.64) (layers F.Cu F.Paste F.Mask) (roundrect_rratio 0.25))
    (pad 1 smd roundrect (at -0.51 0 270) (size 0.54 0.64) (layers F.Cu F.Paste F.Mask) (roundrect_rratio 0.25))
    (model ${KISYS3DMOD}/Resistor_SMD.3dshapes/R_0402_1005Metric.wrl
      (at (xyz 0 0 0))
      (scale (xyz 1 1 1))
      (rotate (xyz 0 0 0))
    )
  )

  (module Resistor_SMD:R_0402_1005Metric (layer F.Cu) (tedit 5F68FEEE) (tstamp 60379E30)
    (at 18.29 141.955 270)
    (descr "Resistor SMD 0402 (1005 Metric), square (rectangular) end terminal, IPC_7351 nominal, (Body size source: IPC-SM-782 page 72, https://www.pcb-3d.com/wordpress/wp-content/uploads/ipc-sm-782a_amendment_1_and_2.pdf), generated with kicad-footprint-generator")
    (tags resistor)
    (path /62FFF9EE)
    (attr smd)
    (fp_text reference R54 (at 0 -1.17 90) (layer F.SilkS) hide
      (effects (font (size 1 1) (thickness 0.15)))
    )
    (fp_text value 1R (at 0 1.17 90) (layer F.Fab)
      (effects (font (size 1 1) (thickness 0.15)))
    )
    (fp_line (start -0.525 0.27) (end -0.525 -0.27) (layer F.Fab) (width 0.1))
    (fp_line (start -0.525 -0.27) (end 0.525 -0.27) (layer F.Fab) (width 0.1))
    (fp_line (start 0.525 -0.27) (end 0.525 0.27) (layer F.Fab) (width 0.1))
    (fp_line (start 0.525 0.27) (end -0.525 0.27) (layer F.Fab) (width 0.1))
    (fp_line (start -0.153641 -0.38) (end 0.153641 -0.38) (layer F.SilkS) (width 0.12))
    (fp_line (start -0.153641 0.38) (end 0.153641 0.38) (layer F.SilkS) (width 0.12))
    (fp_line (start -0.93 0.47) (end -0.93 -0.47) (layer F.CrtYd) (width 0.05))
    (fp_line (start -0.93 -0.47) (end 0.93 -0.47) (layer F.CrtYd) (width 0.05))
    (fp_line (start 0.93 -0.47) (end 0.93 0.47) (layer F.CrtYd) (width 0.05))
    (fp_line (start 0.93 0.47) (end -0.93 0.47) (layer F.CrtYd) (width 0.05))
    (fp_text user %R (at 0 0 90) (layer F.Fab)
      (effects (font (size 0.26 0.26) (thickness 0.04)))
    )
    (pad 1 smd roundrect (at -0.51 0 270) (size 0.54 0.64) (layers F.Cu F.Paste F.Mask) (roundrect_rratio 0.25))
    (pad 2 smd roundrect (at 0.51 0 270) (size 0.54 0.64) (layers F.Cu F.Paste F.Mask) (roundrect_rratio 0.25))
    (model ${KISYS3DMOD}/Resistor_SMD.3dshapes/R_0402_1005Metric.wrl
      (at (xyz 0 0 0))
      (scale (xyz 1 1 1))
      (rotate (xyz 0 0 0))
    )
  )

  (module Resistor_SMD:R_0402_1005Metric (layer F.Cu) (tedit 5F68FEEE) (tstamp 60379E20)
    (at 21.265 141.985 270)
    (descr "Resistor SMD 0402 (1005 Metric), square (rectangular) end terminal, IPC_7351 nominal, (Body size source: IPC-SM-782 page 72, https://www.pcb-3d.com/wordpress/wp-content/uploads/ipc-sm-782a_amendment_1_and_2.pdf), generated with kicad-footprint-generator")
    (tags resistor)
    (path /62FFF9DC)
    (attr smd)
    (fp_text reference R51 (at 0 -1.17 90) (layer F.SilkS) hide
      (effects (font (size 1 1) (thickness 0.15)))
    )
    (fp_text value 1R (at 0 1.17 90) (layer F.Fab)
      (effects (font (size 1 1) (thickness 0.15)))
    )
    (fp_text user %R (at 0 0 90) (layer F.Fab)
      (effects (font (size 0.26 0.26) (thickness 0.04)))
    )
    (fp_line (start -0.525 0.27) (end -0.525 -0.27) (layer F.Fab) (width 0.1))
    (fp_line (start -0.525 -0.27) (end 0.525 -0.27) (layer F.Fab) (width 0.1))
    (fp_line (start 0.525 -0.27) (end 0.525 0.27) (layer F.Fab) (width 0.1))
    (fp_line (start 0.525 0.27) (end -0.525 0.27) (layer F.Fab) (width 0.1))
    (fp_line (start -0.153641 -0.38) (end 0.153641 -0.38) (layer F.SilkS) (width 0.12))
    (fp_line (start -0.153641 0.38) (end 0.153641 0.38) (layer F.SilkS) (width 0.12))
    (fp_line (start -0.93 0.47) (end -0.93 -0.47) (layer F.CrtYd) (width 0.05))
    (fp_line (start -0.93 -0.47) (end 0.93 -0.47) (layer F.CrtYd) (width 0.05))
    (fp_line (start 0.93 -0.47) (end 0.93 0.47) (layer F.CrtYd) (width 0.05))
    (fp_line (start 0.93 0.47) (end -0.93 0.47) (layer F.CrtYd) (width 0.05))
    (pad 1 smd roundrect (at -0.51 0 270) (size 0.54 0.64) (layers F.Cu F.Paste F.Mask) (roundrect_rratio 0.25))
    (pad 2 smd roundrect (at 0.51 0 270) (size 0.54 0.64) (layers F.Cu F.Paste F.Mask) (roundrect_rratio 0.25))
    (model ${KISYS3DMOD}/Resistor_SMD.3dshapes/R_0402_1005Metric.wrl
      (at (xyz 0 0 0))
      (scale (xyz 1 1 1))
      (rotate (xyz 0 0 0))
    )
  )

  (module Resistor_SMD:R_0402_1005Metric (layer F.Cu) (tedit 5F68FEEE) (tstamp 60379E10)
    (at 25.19 142.02 270)
    (descr "Resistor SMD 0402 (1005 Metric), square (rectangular) end terminal, IPC_7351 nominal, (Body size source: IPC-SM-782 page 72, https://www.pcb-3d.com/wordpress/wp-content/uploads/ipc-sm-782a_amendment_1_and_2.pdf), generated with kicad-footprint-generator")
    (tags resistor)
    (path /62FFF9E8)
    (attr smd)
    (fp_text reference R53 (at 0 -1.17 90) (layer F.SilkS) hide
      (effects (font (size 1 1) (thickness 0.15)))
    )
    (fp_text value 1R (at 0 1.17 90) (layer F.Fab)
      (effects (font (size 1 1) (thickness 0.15)))
    )
    (fp_text user %R (at 0 0 90) (layer F.Fab)
      (effects (font (size 0.26 0.26) (thickness 0.04)))
    )
    (fp_line (start -0.525 0.27) (end -0.525 -0.27) (layer F.Fab) (width 0.1))
    (fp_line (start -0.525 -0.27) (end 0.525 -0.27) (layer F.Fab) (width 0.1))
    (fp_line (start 0.525 -0.27) (end 0.525 0.27) (layer F.Fab) (width 0.1))
    (fp_line (start 0.525 0.27) (end -0.525 0.27) (layer F.Fab) (width 0.1))
    (fp_line (start -0.153641 -0.38) (end 0.153641 -0.38) (layer F.SilkS) (width 0.12))
    (fp_line (start -0.153641 0.38) (end 0.153641 0.38) (layer F.SilkS) (width 0.12))
    (fp_line (start -0.93 0.47) (end -0.93 -0.47) (layer F.CrtYd) (width 0.05))
    (fp_line (start -0.93 -0.47) (end 0.93 -0.47) (layer F.CrtYd) (width 0.05))
    (fp_line (start 0.93 -0.47) (end 0.93 0.47) (layer F.CrtYd) (width 0.05))
    (fp_line (start 0.93 0.47) (end -0.93 0.47) (layer F.CrtYd) (width 0.05))
    (pad 1 smd roundrect (at -0.51 0 270) (size 0.54 0.64) (layers F.Cu F.Paste F.Mask) (roundrect_rratio 0.25))
    (pad 2 smd roundrect (at 0.51 0 270) (size 0.54 0.64) (layers F.Cu F.Paste F.Mask) (roundrect_rratio 0.25))
    (model ${KISYS3DMOD}/Resistor_SMD.3dshapes/R_0402_1005Metric.wrl
      (at (xyz 0 0 0))
      (scale (xyz 1 1 1))
      (rotate (xyz 0 0 0))
    )
  )

  (module Resistor_SMD:R_0402_1005Metric (layer F.Cu) (tedit 5F68FEEE) (tstamp 60379E00)
    (at 26.18 142.02 270)
    (descr "Resistor SMD 0402 (1005 Metric), square (rectangular) end terminal, IPC_7351 nominal, (Body size source: IPC-SM-782 page 72, https://www.pcb-3d.com/wordpress/wp-content/uploads/ipc-sm-782a_amendment_1_and_2.pdf), generated with kicad-footprint-generator")
    (tags resistor)
    (path /62FFF9E2)
    (attr smd)
    (fp_text reference R52 (at 0 -1.17 90) (layer F.SilkS) hide
      (effects (font (size 1 1) (thickness 0.15)))
    )
    (fp_text value 1R (at 0 1.17 90) (layer F.Fab)
      (effects (font (size 1 1) (thickness 0.15)))
    )
    (fp_text user %R (at 0 0 90) (layer F.Fab)
      (effects (font (size 0.26 0.26) (thickness 0.04)))
    )
    (fp_line (start 0.93 0.47) (end -0.93 0.47) (layer F.CrtYd) (width 0.05))
    (fp_line (start 0.93 -0.47) (end 0.93 0.47) (layer F.CrtYd) (width 0.05))
    (fp_line (start -0.93 -0.47) (end 0.93 -0.47) (layer F.CrtYd) (width 0.05))
    (fp_line (start -0.93 0.47) (end -0.93 -0.47) (layer F.CrtYd) (width 0.05))
    (fp_line (start -0.153641 0.38) (end 0.153641 0.38) (layer F.SilkS) (width 0.12))
    (fp_line (start -0.153641 -0.38) (end 0.153641 -0.38) (layer F.SilkS) (width 0.12))
    (fp_line (start 0.525 0.27) (end -0.525 0.27) (layer F.Fab) (width 0.1))
    (fp_line (start 0.525 -0.27) (end 0.525 0.27) (layer F.Fab) (width 0.1))
    (fp_line (start -0.525 -0.27) (end 0.525 -0.27) (layer F.Fab) (width 0.1))
    (fp_line (start -0.525 0.27) (end -0.525 -0.27) (layer F.Fab) (width 0.1))
    (pad 2 smd roundrect (at 0.51 0 270) (size 0.54 0.64) (layers F.Cu F.Paste F.Mask) (roundrect_rratio 0.25))
    (pad 1 smd roundrect (at -0.51 0 270) (size 0.54 0.64) (layers F.Cu F.Paste F.Mask) (roundrect_rratio 0.25))
    (model ${KISYS3DMOD}/Resistor_SMD.3dshapes/R_0402_1005Metric.wrl
      (at (xyz 0 0 0))
      (scale (xyz 1 1 1))
      (rotate (xyz 0 0 0))
    )
  )

  (module Resistor_SMD:R_0402_1005Metric (layer F.Cu) (tedit 5F68FEEE) (tstamp 60379D15)
    (at 18.29 155.445 270)
    (descr "Resistor SMD 0402 (1005 Metric), square (rectangular) end terminal, IPC_7351 nominal, (Body size source: IPC-SM-782 page 72, https://www.pcb-3d.com/wordpress/wp-content/uploads/ipc-sm-782a_amendment_1_and_2.pdf), generated with kicad-footprint-generator")
    (tags resistor)
    (path /62FFF9EE)
    (attr smd)
    (fp_text reference R54 (at 0 -1.17 90) (layer F.SilkS) hide
      (effects (font (size 1 1) (thickness 0.15)))
    )
    (fp_text value 1R (at 0 1.17 90) (layer F.Fab)
      (effects (font (size 1 1) (thickness 0.15)))
    )
    (fp_text user %R (at 0 0 90) (layer F.Fab)
      (effects (font (size 0.26 0.26) (thickness 0.04)))
    )
    (fp_line (start 0.93 0.47) (end -0.93 0.47) (layer F.CrtYd) (width 0.05))
    (fp_line (start 0.93 -0.47) (end 0.93 0.47) (layer F.CrtYd) (width 0.05))
    (fp_line (start -0.93 -0.47) (end 0.93 -0.47) (layer F.CrtYd) (width 0.05))
    (fp_line (start -0.93 0.47) (end -0.93 -0.47) (layer F.CrtYd) (width 0.05))
    (fp_line (start -0.153641 0.38) (end 0.153641 0.38) (layer F.SilkS) (width 0.12))
    (fp_line (start -0.153641 -0.38) (end 0.153641 -0.38) (layer F.SilkS) (width 0.12))
    (fp_line (start 0.525 0.27) (end -0.525 0.27) (layer F.Fab) (width 0.1))
    (fp_line (start 0.525 -0.27) (end 0.525 0.27) (layer F.Fab) (width 0.1))
    (fp_line (start -0.525 -0.27) (end 0.525 -0.27) (layer F.Fab) (width 0.1))
    (fp_line (start -0.525 0.27) (end -0.525 -0.27) (layer F.Fab) (width 0.1))
    (pad 2 smd roundrect (at 0.51 0 270) (size 0.54 0.64) (layers F.Cu F.Paste F.Mask) (roundrect_rratio 0.25))
    (pad 1 smd roundrect (at -0.51 0 270) (size 0.54 0.64) (layers F.Cu F.Paste F.Mask) (roundrect_rratio 0.25))
    (model ${KISYS3DMOD}/Resistor_SMD.3dshapes/R_0402_1005Metric.wrl
      (at (xyz 0 0 0))
      (scale (xyz 1 1 1))
      (rotate (xyz 0 0 0))
    )
  )

  (module Resistor_SMD:R_0402_1005Metric (layer F.Cu) (tedit 5F68FEEE) (tstamp 60379D05)
    (at 17.3 155.445 270)
    (descr "Resistor SMD 0402 (1005 Metric), square (rectangular) end terminal, IPC_7351 nominal, (Body size source: IPC-SM-782 page 72, https://www.pcb-3d.com/wordpress/wp-content/uploads/ipc-sm-782a_amendment_1_and_2.pdf), generated with kicad-footprint-generator")
    (tags resistor)
    (path /62FFF9DC)
    (attr smd)
    (fp_text reference R51 (at 0 -1.17 90) (layer F.SilkS) hide
      (effects (font (size 1 1) (thickness 0.15)))
    )
    (fp_text value 1R (at 0 1.17 90) (layer F.Fab)
      (effects (font (size 1 1) (thickness 0.15)))
    )
    (fp_text user %R (at 0 0 90) (layer F.Fab)
      (effects (font (size 0.26 0.26) (thickness 0.04)))
    )
    (fp_line (start -0.525 0.27) (end -0.525 -0.27) (layer F.Fab) (width 0.1))
    (fp_line (start -0.525 -0.27) (end 0.525 -0.27) (layer F.Fab) (width 0.1))
    (fp_line (start 0.525 -0.27) (end 0.525 0.27) (layer F.Fab) (width 0.1))
    (fp_line (start 0.525 0.27) (end -0.525 0.27) (layer F.Fab) (width 0.1))
    (fp_line (start -0.153641 -0.38) (end 0.153641 -0.38) (layer F.SilkS) (width 0.12))
